positive_images/1636576728.277971.jpg 3 645 168 14 38 43 108 8 30 65 109 11 23
positive_images/1636576734.8941176.jpg 1 540 104 20 50
positive_images/1636576740.4443712.jpg 5 585 277 61 126 816 285 35 54 569 214 14 29 582 215 12 28 603 205 15 39
positive_images/1636576742.4448237.jpg 1 503 165 61 82
positive_images/1636576746.5277495.jpg 1 379 177 235 249
positive_images/1636576748.6932404.jpg 1 484 168 74 145
positive_images/1636576751.1848047.jpg 3 125 73 50 74 2 76 31 39 440 221 120 147
positive_images/1636576765.160821.jpg 1 597 65 50 112
positive_images/1636576769.2937577.jpg 1 670 153 126 214
positive_images/1636576775.611189.jpg 2 153 38 217 359 632 200 165 326
positive_images/1636576779.8841572.jpg 0
positive_images/1636576791.6123323.jpg 1 312 37 107 153
positive_images/1636576794.5179906.jpg 1 227 39 135 295
positive_images/1636576973.5337403.jpg 3 601 99 10 26 654 136 10 24 626 208 11 20
positive_images/1636576975.9832776.jpg 3 851 135 13 26 919 185 11 25 862 262 17 24
positive_images/1636576978.9899592.jpg 5 837 140 11 26 904 190 13 19 847 269 17 25 466 190 12 22 464 238 10 21
positive_images/1636576980.7893667.jpg 5 466 191 12 18 464 241 10 15 838 142 11 22 906 188 13 23 849 269 13 25
positive_images/1636576988.3810863.jpg 1 328 120 73 70
positive_images/1636576995.2976537.jpg 4 128 284 78 99 496 76 19 29 81 23 18 25 79 83 17 25
positive_images/1636576998.522887.jpg 4 510 82 16 29 545 149 15 29 588 236 13 23 642 369 42 124
positive_images/1636577008.689503.jpg 4 373 103 17 31 869 241 16 27 902 187 19 31 925 91 21 31
positive_images/1636577012.0732691.jpg 4 503 66 15 30 598 131 15 31 549 219 18 34 0 236 13 31
positive_images/1636577028.6660283.jpg 2 584 59 46 103 719 349 64 101
positive_images/1636577030.2803943.jpg 1 488 48 79 176
positive_images/1636577035.1645007.jpg 3 796 111 21 35 834 240 23 43 720 143 231 343
positive_images/1636577055.0891418.jpg 1 469 63 16 33
positive_images/1636577073.797381.jpg 1 564 148 71 76
positive_images/1636577109.9051979.jpg 1 660 179 28 49
positive_images/1636577116.4811974.jpg 1 307 91 48 73
positive_images/1636577276.7533517.jpg 3 413 180 31 59 477 179 39 58 538 167 34 47
positive_images/1636577288.6106403.jpg 1 539 108 40 76
positive_images/1636577292.6357586.jpg 2 759 118 122 149 160 58 14 32
positive_images/1636577294.6204417.jpg 2 642 120 115 129 148 67 12 37
positive_images/1636577297.5680296.jpg 1 697 140 143 168
positive_images/1636577304.2025335.jpg 2 626 146 141 157 443 109 31 32
positive_images/1636577317.3445108.jpg 1 612 63 89 112
positive_images/1636577318.7278242.jpg 1 639 75 197 118
positive_images/1636577320.901317.jpg 1 337 90 84 96
positive_images/1636577322.1616116.jpg 1 108 119 250 126
positive_images/1636577329.2432625.jpg 1 668 156 30 95
positive_images/1636577603.4476655.jpg 2 618 131 66 115 614 106 18 31
positive_images/1636577610.3072193.jpg 3 490 36 26 75 707 70 77 96 613 142 192 389
positive_images/1636577613.6559784.jpg 3 467 28 34 86 678 64 75 64 619 126 161 340
positive_images/1636577621.4657483.jpg 2 92 166 186 174 522 85 137 256
positive_images/1636577630.837871.jpg 1 315 84 116 70
positive_images/1636578639.0575488.jpg 1 718 93 48 71
positive_images/1636578692.2135873.jpg 2 362 185 116 226 540 192 59 86
positive_images/1636578694.0470028.jpg 1 369 212 153 213
positive_images/1636578703.996024.jpg 2 512 84 35 61 572 198 171 337
positive_images/1636578708.773106.jpg 2 210 93 66 105 2 92 49 83
positive_images/1636578710.7395518.jpg 0
positive_images/1636578716.5468676.jpg 2 766 136 55 82 157 170 142 137
positive_images/1636578722.0231113.jpg 2 293 142 68 95 576 114 50 66
positive_images/1636578723.9795516.jpg 3 280 153 103 149 511 113 64 82 14 201 183 283
positive_images/1636578733.4062376.jpg 2 679 148 88 136 591 123 56 81
positive_images/1636578739.4456062.jpg 1 630 111 81 149
positive_images/1636578743.4545143.jpg 1 624 130 98 162
positive_images/1636578748.805727.jpg 1 108 129 120 131
positive_images/1636578754.9391162.jpg 1 744 84 104 115
positive_images/1636578757.836773.jpg 1 574 96 79 102
positive_images/1636578760.6954205.jpg 1 630 100 76 121
positive_images/1636578768.172617.jpg 1 685 72 78 142
positive_images/1636578769.578936.jpg 2 225 129 144 157 721 37 98 133
positive_images/1636578774.62972.jpg 2 241 66 87 116 620 58 72 122
positive_images/1636578781.9303231.jpg 1 284 91 89 123
positive_images/1636578793.7379985.jpg 2 259 138 77 182 1 45 116 139
positive_images/1636579057.558089.jpg 2 364 125 175 270 606 227 28 53
positive_images/1636579065.2318149.jpg 5 589 153 58 101 367 97 37 74 287 94 53 61 56 123 94 80 134 85 74 103
positive_images/1636579069.2987366.jpg 3 174 129 125 171 646 143 88 126 274 102 49 105
positive_images/1636579073.191619.jpg 4 236 161 125 177 147 140 53 57 313 151 36 39 699 202 134 217
positive_images/1636579083.6099784.jpg 4 510 46 82 112 114 61 102 117 8 123 134 183 147 13 47 52
positive_images/1636579085.1914585.jpg 3 229 58 102 138 12 43 84 98 157 9 44 58
positive_images/1636579089.540444.jpg 4 658 102 79 150 367 47 54 77 153 95 91 95 629 65 49 93
positive_images/1636579094.87352.jpg 1 716 113 46 87
positive_images/1636579102.824321.jpg 1 724 110 70 128
positive_images/1636579104.947801.jpg 1 301 118 52 121
positive_images/1636579398.662546.jpg 1 322 191 157 201
positive_images/1636579399.1686585.jpg 1 342 180 129 199
positive_images/1636579399.2026653.jpg 1 342 177 125 204
positive_images/1636579399.2356734.jpg 1 351 173 115 215
positive_images/1636579399.2686813.jpg 1 376 157 88 238
positive_images/1636579399.3016887.jpg 1 374 193 90 206
positive_images/1636579399.3196924.jpg 1 380 199 86 195
positive_images/1636579399.378706.jpg 1 379 194 97 191
positive_images/1636579399.4137137.jpg 1 393 207 84 181
positive_images/1636579399.437719.jpg 1 393 208 83 187
positive_images/1636579399.4787288.jpg 1 384 215 103 199
positive_images/1636579399.4947317.jpg 1 379 212 102 182
positive_images/1636579400.869044.jpg 1 387 216 192 193
positive_images/1636579446.9934485.jpg 2 486 196 23 49 509 201 19 56
positive_images/1636579451.7775323.jpg 3 548 111 107 263 432 86 34 25 507 126 36 43
positive_images/1636579456.5260637.jpg 2 626 134 74 96 691 41 57 93
positive_images/1636579457.284947.jpg 2 671 152 89 114 718 50 49 80
positive_images/1636579458.2031562.jpg 2 671 161 128 178 761 52 83 90
positive_images/1636579459.9515512.jpg 1 611 95 148 362
positive_images/1636579460.176605.jpg 2 777 58 90 85 633 123 134 287
positive_images/1636579462.7852924.jpg 1 650 101 91 104
positive_images/1636579463.7925217.jpg 1 753 138 153 167
positive_images/1636579464.7927477.jpg 1 553 122 88 105
positive_images/1636579465.8689911.jpg 1 721 145 155 154
positive_images/1636579490.718126.jpg 1 598 137 24 46
positive_images/1636579492.0762923.jpg 1 676 173 32 52
positive_images/1636579494.068025.jpg 1 40 239 50 81
positive_images/1636579509.2604086.jpg 1 488 172 24 62
positive_images/1636579513.3333318.jpg 1 98 193 65 93
positive_images/1636579514.4175768.jpg 1 76 174 78 123
positive_images/1636579570.5329635.jpg 2 623 249 25 61 697 267 42 51
positive_images/1636579572.0913162.jpg 2 616 250 35 57 724 250 32 56
positive_images/1636579580.699267.jpg 2 556 120 119 257 606 94 37 72
positive_images/1636579581.742503.jpg 2 573 167 121 194 585 94 64 75
positive_images/1636579582.8257482.jpg 2 712 102 62 89 805 195 141 235
positive_images/1636579585.0492527.jpg 2 581 97 59 86 605 132 115 251
positive_images/1636579586.6756203.jpg 2 591 188 119 196 585 101 62 76
positive_images/1636579587.8328834.jpg 1 770 115 95 116
positive_images/1636579592.8740249.jpg 1 540 130 109 197
positive_images/1636579598.8822987.jpg 2 611 170 132 157 795 148 54 87
positive_images/1636579602.5089061.jpg 2 762 226 147 229 297 85 90 202
positive_images/1636579613.765457.jpg 1 593 103 102 113
positive_images/1636579614.9497254.jpg 1 551 113 66 92
positive_images/1636579615.7909153.jpg 1 691 62 114 129
positive_images/1636579618.8666124.jpg 1 315 55 70 132
positive_images/1636579935.5871391.jpg 2 682 96 13 41 20 199 37 44
positive_images/1636579938.2217357.jpg 1 493 151 15 43
positive_images/1636579940.8383288.jpg 2 449 206 14 50 463 203 20 47
positive_images/1636579943.8440099.jpg 3 328 107 52 119 386 109 36 91 492 169 32 57
positive_images/1636579947.7278903.jpg 2 586 221 61 107 679 236 151 296
positive_images/1636579960.5437934.jpg 2 157 187 147 174 639 11 133 119
positive_images/1636579962.1516764.jpg 2 191 101 82 102 585 8 107 91
positive_images/1636579963.3870602.jpg 2 174 121 85 96 517 11 104 100
positive_images/1636579964.3105798.jpg 2 463 24 120 112 27 193 110 119
positive_images/1636579965.1357005.jpg 2 430 42 90 92 111 202 143 152
positive_images/1636579966.927104.jpg 2 227 132 150 227 413 26 114 114
positive_images/1636579967.2931871.jpg 2 200 135 168 218 416 38 107 92
positive_images/1636579974.5768414.jpg 1 24 145 226 287
positive_images/1636579980.727231.jpg 1 123 124 163 127
positive_images/1636579981.8184779.jpg 1 87 138 221 175
positive_images/1636579982.0185232.jpg 1 136 141 169 188
positive_images/1636579984.7931557.jpg 0
positive_images/1636579986.72659.jpg 1 641 117 179 186
positive_images/1636580320.0308914.jpg 1 543 299 48 67
positive_images/1636580348.0129693.jpg 2 737 167 76 115 317 67 80 224
positive_images/1636580348.2210164.jpg 2 305 65 100 241 741 162 62 118
positive_images/1636580351.41374.jpg 3 305 41 59 84 761 168 85 114 371 128 56 117
positive_images/1636580351.903851.jpg 3 294 29 65 90 712 124 73 102 370 122 65 121
positive_images/1636580354.578457.jpg 2 537 86 87 129 174 271 213 240
positive_images/1636580355.5226707.jpg 3 2 36 73 131 291 294 144 251 396 73 55 81
positive_images/1636580359.4126766.jpg 2 220 85 74 96 24 176 156 219
positive_images/1636580361.4121299.jpg 2 77 153 115 136 408 129 33 65
positive_images/1636580362.6555185.jpg 2 356 109 42 75 109 111 103 134
positive_images/1636580363.4457946.jpg 2 48 71 123 134 283 88 50 82
positive_images/1636580367.0386083.jpg 2 455 118 45 63 543 182 85 128
positive_images/1636580398.5373213.jpg 1 405 122 33 56
positive_images/1636580403.3031104.jpg 2 334 64 68 99 280 84 37 62
positive_images/1636580405.6286376.jpg 1 260 48 77 116
positive_images/1636580406.5538473.jpg 2 121 58 62 75 209 46 82 120
positive_images/1636580407.2370012.jpg 3 259 57 76 111 148 37 62 98 498 361 202 182
positive_images/1636580407.9561648.jpg 4 134 35 67 76 247 42 76 123 754 275 197 223 75 243 182 261
positive_images/1636580414.7276988.jpg 2 528 104 60 118 609 90 70 101
positive_images/1636580415.670913.jpg 2 529 83 58 100 613 84 44 92
positive_images/1636580421.711281.jpg 2 589 166 109 171 166 44 63 77
positive_images/1636580435.294669.jpg 3 629 133 77 132 717 219 135 280 223 41 47 69
positive_images/1636580436.3291621.jpg 2 637 132 95 128 262 59 63 81
positive_images/1636580437.0793362.jpg 3 664 141 75 124 292 71 77 98 502 62 14 31
positive_images/1636580438.1875885.jpg 3 500 66 15 27 296 69 48 101 669 95 75 184
positive_images/1636580446.6224988.jpg 3 628 121 81 157 303 159 80 197 561 39 11 26
positive_images/1636580453.8531368.jpg 2 316 94 35 92 199 66 40 69
positive_images/1636580454.3792553.jpg 2 207 77 25 64 293 106 34 74
positive_images/1636580455.7965765.jpg 1 205 117 21 42
positive_images/1636580457.1628857.jpg 2 554 142 23 72 465 122 16 44
positive_images/1636580462.2692194.jpg 2 541 100 51 119 511 47 34 84
positive_images/1636580529.9684258.jpg 1 564 135 121 111
positive_images/1636580531.861855.jpg 1 226 106 98 135
positive_images/1636580532.9180944.jpg 1 24 138 141 176
positive_images/1636580536.0112195.jpg 1 248 97 114 124
positive_images/1636580539.0279052.jpg 1 244 104 142 123
positive_images/1636580539.5010102.jpg 1 182 130 139 115
positive_images/1636580569.9937582.jpg 2 408 214 91 101 120 139 113 35
positive_images/1636580571.894189.jpg 2 532 231 111 152 396 126 87 47
positive_images/1636580586.1684232.jpg 1 461 202 136 132
positive_images/1636580590.7614636.jpg 1 555 343 217 198
positive_images/1636580627.7014344.jpg 1 502 91 18 45
positive_images/1636580629.6998868.jpg 2 464 97 34 39 551 109 20 28
positive_images/1636580631.5002947.jpg 2 619 104 20 51 670 129 9 29
positive_images/1636580632.512528.jpg 2 655 108 22 61 695 147 9 24
positive_images/1636580643.4502294.jpg 3 632 143 28 69 619 212 41 2 619 214 201 329
positive_images/1636580644.6995177.jpg 1 602 145 26 69
positive_images/1636580674.865234.jpg 1 569 111 112 214
positive_images/1636580681.4238813.jpg 1 672 53 121 150
positive_images/1636580687.2583888.jpg 1 545 56 60 87
positive_images/1636580796.1048877.jpg 1 445 76 46 87
positive_images/1636580806.814221.jpg 1 561 100 60 113
positive_images/1636580807.9074717.jpg 1 602 94 49 128
positive_images/1636580824.0253665.jpg 1 599 118 124 169
positive_images/1636580824.1723995.jpg 1 614 127 124 174
positive_images/1636580908.7462664.jpg 2 799 267 30 55 559 294 48 97
positive_images/1636580913.2202835.jpg 3 485 220 91 165 367 162 26 69 39 150 43 62
positive_images/1636580914.046468.jpg 3 461 215 119 169 360 167 33 64 44 160 37 52
positive_images/1636580919.8537848.jpg 1 489 191 102 165
positive_images/1636580920.3118865.jpg 1 441 195 93 189
positive_images/1636580925.4390495.jpg 1 663 150 36 62
positive_images/1636580926.1542156.jpg 1 662 151 25 57
positive_images/1636580935.5373366.jpg 1 741 155 47 99
positive_images/1636580936.1294703.jpg 1 718 162 68 119
positive_images/1636580936.863637.jpg 1 753 167 71 123
positive_images/1636581180.41801.jpg 1 373 117 67 84
positive_images/1636581181.041152.jpg 2 281 167 92 99 8 199 173 196
positive_images/1636581184.0568345.jpg 1 252 156 143 165
positive_images/1636581184.3749065.jpg 2 230 183 101 156 307 158 86 106
positive_images/1636581187.0335097.jpg 1 265 156 100 105
positive_images/1636581188.9739485.jpg 1 291 113 120 171
positive_images/1636581189.1179821.jpg 1 288 113 107 165
positive_images/1636581191.3744924.jpg 1 140 102 120 157
positive_images/1636581194.1821287.jpg 1 575 43 71 87
positive_images/1636581205.8077626.jpg 1 363 109 45 118
positive_images/1636581206.233859.jpg 1 364 129 55 104
positive_images/1636581645.2416263.jpg 4 520 186 79 186 669 111 36 82 468 165 37 78 298 188 30 64
positive_images/1636581647.2000697.jpg 3 488 213 95 184 683 107 32 82 460 143 35 107
positive_images/1636581647.9342365.jpg 3 479 214 103 198 682 104 33 80 468 155 25 65
positive_images/1636581648.392343.jpg 4 285 177 30 35 469 152 32 65 482 213 78 190 680 100 36 76
positive_images/1636581653.010386.jpg 2 68 169 58 96 549 80 51 83
positive_images/1636581654.027617.jpg 3 681 176 52 80 65 137 61 93 32 218 160 225
positive_images/1636581654.8267975.jpg 2 448 218 85 139 7 218 173 213
positive_images/1636581658.5666456.jpg 3 73 265 264 235 644 141 42 81 822 75 54 80
positive_images/1636581659.67512.jpg 3 696 146 42 70 190 212 112 245 904 120 43 79
positive_images/1636581672.1519473.jpg 2 205 56 69 104 264 16 60 73
positive_images/1636581678.3503518.jpg 1 54 43 47 49
positive_images/1636581700.5251472.jpg 2 501 148 26 40 634 131 20 37
positive_images/1636581701.3343296.jpg 2 504 151 27 46 639 133 24 36
positive_images/1636581702.4915948.jpg 1 657 122 23 43
positive_images/1636581728.5835037.jpg 1 638 117 63 108
positive_images/1636581729.3496773.jpg 2 584 103 71 94 697 108 65 115
positive_images/1636581729.5247176.jpg 2 558 103 74 107 703 110 71 116
positive_images/1636581730.258883.jpg 1 752 110 70 125
positive_images/1636581738.1420918.jpg 1 582 126 112 113
positive_images/1636581744.092266.jpg 1 657 219 125 125
positive_images/1636581748.7833338.jpg 3 559 220 57 118 739 249 62 78 404 187 150 332
positive_images/1636581754.7907038.jpg 2 221 176 122 228 636 238 89 191
positive_images/1636581778.2650769.jpg 1 325 175 36 64
positive_images/1636581778.7321227.jpg 1 343 168 45 66
positive_images/1636581779.450213.jpg 1 364 154 51 81
positive_images/1636581780.765338.jpg 1 273 171 135 157
positive_images/1636581789.6072938.jpg 1 711 133 79 131
positive_images/1636581789.8163388.jpg 1 702 132 92 138
positive_images/1636581790.316455.jpg 1 702 149 100 170
positive_images/1636581790.7905633.jpg 1 675 160 108 168
positive_images/1636581791.0936337.jpg 1 642 165 137 195
positive_images/1636581795.2425685.jpg 1 579 164 48 100
positive_images/1636581795.3816.jpg 1 572 162 56 105
positive_images/1636581795.965732.jpg 1 578 174 48 92
positive_images/1636581796.7889187.jpg 1 581 170 60 105
positive_images/1636581813.3066638.jpg 1 571 129 55 116
positive_images/1636581814.381507.jpg 1 623 132 66 108
positive_images/1636581814.9648244.jpg 1 720 141 88 123
positive_images/1636581820.1893148.jpg 1 775 143 148 235
positive_images/1636581820.897427.jpg 1 679 146 159 242
positive_images/1636581822.705654.jpg 1 623 119 208 354
positive_images/1636581823.2397745.jpg 1 638 115 201 363
positive_images/1636581824.206.jpg 1 683 179 178 268
positive_images/1636581831.77271.jpg 1 653 137 94 143
positive_images/1636581832.1317892.jpg 1 688 131 84 152
positive_images/1636581833.0139892.jpg 1 757 132 76 146
positive_images/1636581834.022218.jpg 1 801 117 92 167
positive_images/1636581835.33953.jpg 1 632 140 94 113
positive_images/1636582069.7271783.jpg 4 484 161 74 60 568 162 36 64 634 191 67 55 673 147 28 44
positive_images/1636582071.4605722.jpg 4 486 157 61 65 562 172 43 54 635 194 73 54 671 152 31 39
positive_images/1636582078.6114523.jpg 3 267 142 36 61 166 159 70 83 298 180 59 57
positive_images/1636582091.4268284.jpg 2 602 104 82 84 754 116 46 63
positive_images/1636582091.826918.jpg 3 615 104 75 79 797 93 67 86 551 244 95 197
positive_images/1636582092.3540382.jpg 3 638 231 94 194 637 114 59 68 834 47 120 185
positive_images/1636582092.7771404.jpg 3 701 101 38 80 825 65 119 205 679 229 137 204
positive_images/1636582097.470197.jpg 2 815 155 65 78 320 175 51 98
positive_images/1636582098.628474.jpg 2 320 169 59 87 617 159 60 60
positive_images/1636582100.1538212.jpg 2 572 143 59 87 225 184 89 85
positive_images/1636582119.8860471.jpg 2 551 72 61 111 642 16 54 93
positive_images/1636582120.5341942.jpg 2 614 94 87 143 665 25 59 85
positive_images/1636582121.2343528.jpg 2 694 109 67 145 686 28 57 78
positive_images/1636582178.917546.jpg 3 526 112 29 51 722 149 24 68 722 114 23 35
positive_images/1636582182.2192943.jpg 3 600 138 38 55 831 189 36 80 806 147 14 43
positive_images/1636582183.8506634.jpg 3 608 189 31 60 409 157 33 63 582 153 13 50
positive_images/1636582187.9505973.jpg 1 793 216 30 53
positive_images/1636582188.549728.jpg 1 809 208 30 43
positive_images/1636582196.45053.jpg 2 523 114 127 187 275 42 56 60
positive_images/1636582196.6095653.jpg 2 278 43 53 61 538 149 95 166
positive_images/1636582200.594468.jpg 3 559 120 96 232 754 175 62 83 12 71 82 75
positive_images/1636582201.26662.jpg 3 11 75 74 68 576 183 98 156 744 171 61 83
positive_images/1636582203.1440458.jpg 3 115 88 71 71 687 212 107 135 835 188 66 82
positive_images/1636582209.6175148.jpg 1 644 156 85 97
positive_images/1636582210.658748.jpg 2 611 155 69 98 6 89 123 155
positive_images/1636582213.66643.jpg 2 150 124 128 189 749 237 115 154
positive_images/1636582508.0804083.jpg 1 379 203 16 51
positive_images/1636582510.394933.jpg 1 523 205 27 75
positive_images/1636582544.0107434.jpg 4 646 280 110 233 623 152 80 127 846 149 47 120 258 63 108 117
positive_images/1636582545.428065.jpg 2 381 79 86 87 702 174 81 103
positive_images/1636582546.1302233.jpg 2 416 91 81 75 651 186 90 133
positive_images/1636582548.1876993.jpg 3 447 97 77 83 836 155 99 126 222 113 131 131
positive_images/1636582549.1699119.jpg 3 308 124 95 142 377 75 72 100 708 137 92 152
positive_images/1636582550.0781178.jpg 3 297 133 104 134 317 71 74 60 645 134 81 141
positive_images/1636582551.3444052.jpg 2 628 124 69 134 323 108 64 197
positive_images/1636582551.8025086.jpg 2 313 104 84 226 614 105 86 164
positive_images/1636582570.9113052.jpg 1 6 13 159 179
positive_images/1636582572.911759.jpg 1 221 37 164 207
positive_images/1636582878.064416.jpg 1 724 299 98 146
positive_images/1636582879.064643.jpg 1 654 297 86 126
positive_images/1636582881.4321792.jpg 2 493 193 103 207 746 191 71 127
positive_images/1636582882.3163803.jpg 2 479 201 116 201 768 198 64 124
positive_images/1636582883.5896685.jpg 2 474 217 106 160 781 202 61 115
positive_images/1636582884.2828379.jpg 2 484 213 110 187 791 203 59 122
positive_images/1636582888.7147489.jpg 1 789 183 66 129
positive_images/1636582890.100956.jpg 3 658 195 47 89 851 255 79 153 26 141 190 292
positive_images/1636582890.756892.jpg 3 468 233 78 142 15 193 154 248 116 202 52 86
positive_images/1636582895.8983424.jpg 3 260 212 150 256 357 101 45 79 485 94 26 54
positive_images/1636582902.1478267.jpg 2 185 162 127 188 474 58 70 86
positive_images/1636582902.566918.jpg 2 490 50 58 93 157 127 135 192
positive_images/1636582903.1680582.jpg 2 83 99 126 153 483 59 48 82
positive_images/1636582904.4813542.jpg 2 140 110 119 183 501 65 28 67
positive_images/1636582905.53359.jpg 2 133 100 113 169 436 50 45 79
positive_images/1636582919.2146897.jpg 1 162 192 113 179
positive_images/1636582921.0591066.jpg 1 205 198 80 141
positive_images/1636582922.5324426.jpg 1 346 197 54 141
positive_images/1636583025.3638833.jpg 1 692 121 21 53
positive_images/1636583026.1790676.jpg 1 663 113 13 51
positive_images/1636583029.1309478.jpg 1 587 97 15 47
positive_images/1636583032.9221683.jpg 1 483 90 16 50
positive_images/1636583039.9134426.jpg 1 693 197 37 57
positive_images/1636583041.0126812.jpg 1 719 197 29 61
positive_images/1636583046.5069253.jpg 2 529 92 56 65 347 98 22 39
positive_images/1636583049.305558.jpg 2 624 135 79 87 348 92 21 44
positive_images/1636583063.9120224.jpg 1 563 160 68 85
positive_images/1636583065.1963189.jpg 2 663 130 123 159 551 130 40 57
positive_images/1636583066.3535762.jpg 2 595 122 40 56 683 112 91 130
positive_images/1636583083.556113.jpg 2 93 125 86 114 173 105 57 99
positive_images/1636583084.7633855.jpg 5 13 89 35 49 95 173 156 163 238 124 66 120 186 99 41 71 450 102 34 57
positive_images/1636583092.829214.jpg 5 202 139 159 256 352 136 60 116 630 119 53 82 479 115 45 67 191 86 34 62
positive_images/1636583093.820947.jpg 5 185 92 42 62 468 115 49 67 633 125 53 72 199 191 149 204 292 144 60 68
positive_images/1636583095.2585745.jpg 3 74 191 189 167 9 90 42 83 560 113 63 94
positive_images/1636583096.5814521.jpg 3 131 139 85 126 213 107 146 291 549 114 48 72
positive_images/1636583097.871746.jpg 3 553 113 57 92 125 193 200 158 198 129 55 58
positive_images/1636583100.9303806.jpg 4 184 131 187 291 326 133 68 113 419 107 31 57 553 106 52 85
positive_images/1636583102.0288913.jpg 3 98 184 208 209 338 126 64 124 552 112 57 78
positive_images/1636583109.030757.jpg 6 251 81 49 70 127 109 65 87 192 153 100 131 548 124 61 93 711 101 41 59 789 113 65 101
positive_images/1636583109.7219107.jpg 5 258 77 38 65 218 156 128 132 543 133 70 97 708 102 36 67 784 117 60 97
positive_images/1636583110.2960413.jpg 6 270 159 136 152 260 75 48 75 19 103 67 114 550 134 62 100 705 103 34 65 783 117 47 92
positive_images/1636583132.3622465.jpg 2 580 109 68 139 178 77 68 92
positive_images/1636583143.0555353.jpg 1 598 139 72 174
positive_images/1636583143.3706067.jpg 1 598 150 113 190
positive_images/1636583147.085449.jpg 1 570 115 120 234
positive_images/1636583147.5775595.jpg 1 575 138 129 200
positive_images/1636583149.3779678.jpg 1 800 159 118 193
positive_images/1636583199.5362852.jpg 2 470 128 23 21 771 182 26 32
positive_images/1636583200.9376023.jpg 2 753 187 23 36 469 131 24 21
positive_images/1636583245.427767.jpg 1 676 154 27 34
positive_images/1636583247.2941866.jpg 1 427 151 27 34
positive_images/1636583252.0022507.jpg 1 538 164 30 62
positive_images/1636583254.2087512.jpg 1 543 167 26 63
positive_images/1636583257.4253159.jpg 1 544 167 23 57
positive_images/1636583257.9689925.jpg 1 543 167 23 63
positive_images/1636583268.635663.jpg 1 407 154 105 139
positive_images/1636583269.442255.jpg 1 457 166 125 175
positive_images/1636583360.9290187.jpg 2 442 203 19 59 125 158 22 32
positive_images/1636583362.1492944.jpg 2 119 158 34 34 377 216 36 58
positive_images/1636583362.65341.jpg 2 358 228 36 57 124 159 25 27
positive_images/1636583408.9753578.jpg 1 516 223 41 56
positive_images/1636583409.4994755.jpg 1 503 245 29 58
positive_images/1636583410.200642.jpg 1 491 251 33 58
positive_images/1636583411.6159594.jpg 1 268 208 72 87
positive_images/1636583415.8919244.jpg 2 776 183 106 133 608 114 38 63
positive_images/1636583416.49206.jpg 1 688 174 89 121
positive_images/1636583418.000402.jpg 2 584 115 89 122 867 186 88 143
positive_images/1636583418.7395694.jpg 1 632 92 154 161
positive_images/1636583428.6158068.jpg 1 654 137 182 160
positive_images/1636583429.2839582.jpg 1 574 148 249 170
positive_images/1636583438.667482.jpg 1 286 94 81 128
positive_images/1636583439.9487634.jpg 2 281 135 83 129 387 95 36 67
positive_images/1636583444.3437648.jpg 1 642 136 80 125
positive_images/1636583446.6052709.jpg 1 602 132 85 124
positive_images/1636583470.6177208.jpg 1 172 331 92 143
positive_images/1636583473.072014.jpg 1 370 183 97 201
positive_images/1636583474.765664.jpg 1 383 200 122 192
positive_images/1636583476.0229535.jpg 1 382 207 125 181
positive_images/1636583476.969167.jpg 1 362 213 145 177
positive_images/1636583478.2824612.jpg 1 366 216 148 175
positive_images/1636583483.3146017.jpg 1 409 249 92 124
positive_images/1636583509.5384896.jpg 2 344 118 57 91 558 113 20 38
positive_images/1636583510.4817038.jpg 1 540 110 28 40
positive_images/1636583523.3924365.jpg 2 563 101 46 79 419 90 23 55
positive_images/1636583523.8045294.jpg 2 574 103 49 72 432 86 24 58
positive_images/1636583524.3886623.jpg 2 592 88 45 88 468 95 35 41
positive_images/1636583524.9217825.jpg 2 559 111 51 68 608 91 38 71
positive_images/1636583525.5639284.jpg 2 610 86 47 76 671 108 56 73
positive_images/1636583526.3211.jpg 2 670 122 51 61 609 104 49 53
positive_images/1636583527.0712702.jpg 2 609 109 50 57 667 106 42 57
positive_images/1636583528.1055043.jpg 2 574 108 76 119 663 98 62 90
positive_images/1636583528.6246219.jpg 3 593 102 87 150 702 109 56 84 509 80 29 59
positive_images/1636583530.4790418.jpg 3 597 77 44 71 722 109 54 99 789 119 103 168
positive_images/1636583531.1641977.jpg 3 638 73 35 82 720 111 58 100 801 127 107 189
positive_images/1636583532.1464198.jpg 3 708 151 144 204 742 109 28 56 634 78 41 74
positive_images/1636583543.4908183.jpg 1 104 161 181 166
positive_images/1636583544.6040676.jpg 1 71 156 147 158
positive_images/1636583545.4792721.jpg 1 57 195 147 122
positive_images/1636583546.2504401.jpg 1 119 208 131 103
positive_images/1636583556.5467749.jpg 1 282 133 47 76
positive_images/1636583557.3719604.jpg 1 179 141 106 146
positive_images/1636583558.0881338.jpg 1 96 152 174 163
positive_images/1636583603.5699024.jpg 1 726 171 191 299
positive_images/1636583606.3305283.jpg 1 702 180 126 296
positive_images/1636583606.8036394.jpg 1 655 195 178 309
positive_images/1636583610.5299146.jpg 1 594 116 273 398
positive_images/1636583610.9633896.jpg 1 664 107 189 389
positive_images/1636583621.3692105.jpg 1 498 208 44 122
positive_images/1636583621.8613217.jpg 1 499 211 34 122
positive_images/1636583624.997041.jpg 1 435 225 77 110
positive_images/1636583626.6394043.jpg 1 503 230 64 111
positive_images/1636583867.7899113.jpg 1 466 118 16 35
positive_images/1636583869.55732.jpg 2 415 98 17 38 599 105 17 35
positive_images/1636583874.190361.jpg 1 554 233 56 86
positive_images/1636583876.0107746.jpg 2 513 183 83 188 720 71 24 38
positive_images/1636583879.3615365.jpg 1 468 199 101 180
positive_images/1636583880.5407994.jpg 1 460 215 115 181
positive_images/1636583882.1081555.jpg 1 462 212 112 175
positive_images/1636583885.9832175.jpg 3 87 206 117 231 472 247 77 138 455 126 56 79
positive_images/1636583887.8236434.jpg 2 181 129 217 395 501 129 30 66
positive_images/1636583891.0493777.jpg 2 353 209 86 270 485 101 33 72
positive_images/1636583891.8595617.jpg 2 458 99 31 62 526 121 22 45
positive_images/1636583892.8237834.jpg 3 513 124 20 46 173 20 34 44 541 125 26 58
positive_images/1636583895.0842927.jpg 3 323 73 51 74 648 142 53 82 707 142 37 92
positive_images/1636583896.091529.jpg 3 670 209 76 119 713 158 43 58 387 109 48 75
positive_images/1636583896.668651.jpg 3 671 252 115 168 718 148 44 80 382 104 48 67
positive_images/1636583909.001445.jpg 1 223 149 94 106
positive_images/1636583910.34075.jpg 1 141 201 113 117
positive_images/1636583911.3829858.jpg 1 264 190 106 130
positive_images/1636583919.1651492.jpg 1 105 261 148 140
positive_images/1636583920.2564006.jpg 1 199 153 181 249
positive_images/1636584032.4546058.jpg 0
positive_images/1636584038.3801832.jpg 1 366 189 117 183
positive_images/1636584040.6306968.jpg 1 362 217 135 164
positive_images/1636584042.281068.jpg 1 355 221 140 152
positive_images/1636584043.6963878.jpg 1 357 222 130 151
positive_images/1636584047.0541484.jpg 2 571 97 65 86 319 247 101 218
positive_images/1636584047.9333482.jpg 2 441 230 83 108 147 325 102 151
positive_images/1636584072.438155.jpg 1 269 124 78 135
positive_images/1636584073.296353.jpg 1 285 129 103 183
positive_images/1636584723.3508427.jpg 3 496 124 25 49 530 129 18 38 672 60 16 26
positive_images/1636584724.3930783.jpg 4 590 165 27 45 624 163 22 45 704 156 25 43 815 77 13 26
positive_images/1636584725.4423158.jpg 3 604 188 28 48 675 197 20 49 703 200 40 50
positive_images/1636584726.2965093.jpg 2 691 190 41 78 628 207 30 33
positive_images/1636584727.2937357.jpg 2 669 193 50 25 723 197 48 20
positive_images/1636584734.659404.jpg 1 547 53 49 81
positive_images/1636584735.2625449.jpg 1 492 36 49 63
positive_images/1636584769.4076433.jpg 3 675 192 228 353 106 140 88 82 442 70 45 56
positive_images/1636584770.2588365.jpg 3 454 60 35 63 119 141 83 69 660 181 235 354
positive_images/1636584770.9109836.jpg 3 652 163 250 380 122 153 91 76 432 56 65 55
positive_images/1636584771.4851143.jpg 3 431 68 47 55 116 150 99 80 641 172 269 369
positive_images/1636584771.869218.jpg 3 655 169 252 371 115 149 89 81 429 62 43 62
positive_images/1636584772.3002982.jpg 3 427 61 41 66 120 149 92 82 673 180 210 349
positive_images/1636584773.0174623.jpg 3 671 183 225 355 466 72 35 46 116 131 86 92
positive_images/1636584773.4535599.jpg 3 490 58 43 61 116 135 97 89 601 239 229 292
positive_images/1636584778.9938183.jpg 1 146 164 89 90
positive_images/1636584793.417135.jpg 1 247 47 79 149
positive_images/1636584794.2213173.jpg 1 204 46 98 167
positive_images/1636585191.6439235.jpg 1 365 145 44 76
positive_images/1636585193.52635.jpg 2 362 179 53 96 420 200 25 67
positive_images/1636585194.4375663.jpg 1 439 234 77 113
positive_images/1636585204.6867292.jpg 2 364 130 52 103 147 119 55 101
positive_images/1636585205.352891.jpg 3 419 117 31 40 342 137 43 84 139 133 53 94
positive_images/1636585206.0600479.jpg 3 229 142 67 104 322 129 38 87 363 121 39 77
positive_images/1636585206.9902585.jpg 3 298 159 74 105 219 133 44 70 270 126 26 71
positive_images/1636585207.777437.jpg 3 267 148 67 121 212 128 39 73 108 133 71 107
positive_images/1636585208.9116936.jpg 2 4 186 106 155 239 155 77 112
positive_images/1636585209.8459063.jpg 2 121 172 137 155 250 141 52 108
positive_images/1636585211.7953472.jpg 3 269 136 111 235 191 129 51 91 131 124 57 64
positive_images/1636585212.5185113.jpg 3 133 126 49 66 192 123 38 77 244 120 157 268
positive_images/1636585212.7685678.jpg 3 142 116 29 45 172 138 45 78 226 143 163 226
positive_images/1636585216.8644974.jpg 2 84 133 98 113 262 115 124 240
positive_images/1636585217.36861.jpg 3 254 154 142 188 367 116 31 79 13 138 101 112
positive_images/1636585225.559466.jpg 2 179 129 196 296 628 113 46 92
positive_images/1636585226.2756286.jpg 3 187 188 174 200 279 115 55 80 618 124 57 109
positive_images/1636585227.0448103.jpg 3 158 193 157 162 257 125 50 76 546 148 70 122
positive_images/1636585227.891994.jpg 3 52 168 128 139 246 118 45 80 542 145 45 105
positive_images/1636585228.7601938.jpg 3 664 144 78 134 266 126 54 78 32 182 124 55
positive_images/1636585229.9104545.jpg 3 30 184 53 56 274 125 53 82 704 144 88 127
positive_images/1636585230.9097397.jpg 2 675 158 103 141 274 132 55 77
positive_images/1636585244.1924753.jpg 1 315 134 65 104
positive_images/1636585244.9926546.jpg 1 309 139 63 98
positive_images/1636585246.0258882.jpg 1 273 149 98 104
positive_images/1636585247.0101118.jpg 1 175 150 97 106
positive_images/1636585247.9263203.jpg 1 144 164 101 107
positive_images/1636585478.0303128.jpg 1 573 137 34 67
positive_images/1636585478.9405184.jpg 0
positive_images/1636585575.7662377.jpg 1 671 108 24 77
positive_images/1636585576.9635181.jpg 1 713 109 31 69
positive_images/1636585578.494857.jpg 1 759 125 43 89
positive_images/1636585626.4606266.jpg 1 607 109 33 75
positive_images/1636585627.0197542.jpg 1 652 116 53 85
positive_images/1636585627.919958.jpg 1 638 121 58 96
positive_images/1636585628.7271407.jpg 1 618 125 55 98
positive_images/1636585629.792648.jpg 1 633 106 58 103
positive_images/1636585630.7368612.jpg 1 699 109 59 127
positive_images/1636585631.5370426.jpg 1 748 109 99 153
positive_images/1636585632.1951914.jpg 1 816 128 86 172
positive_images/1636585634.4887114.jpg 1 197 119 88 129
positive_images/1636585634.9958858.jpg 1 12 132 102 154
positive_images/1636585635.7621388.jpg 1 48 149 144 180
positive_images/1636585641.5614576.jpg 1 243 95 84 134
positive_images/1636585688.4343016.jpg 3 193 141 66 108 325 152 64 121 670 137 49 36
positive_images/1636585689.2284935.jpg 5 703 130 36 41 918 115 38 102 165 148 83 129 348 129 40 87 224 117 22 44
positive_images/1636585690.5777874.jpg 3 337 148 59 71 117 133 92 114 792 107 66 82
positive_images/1636585690.9518726.jpg 4 116 157 91 86 313 155 67 68 226 112 19 41 782 92 57 89
positive_images/1636585736.5463295.jpg 2 572 93 42 81 721 93 43 73
positive_images/1636585737.151464.jpg 2 582 92 42 81 744 94 35 76
positive_images/1636585737.7936091.jpg 2 601 95 31 77 767 96 33 78
positive_images/1636585738.4667625.jpg 2 616 103 33 75 793 98 38 84
positive_images/1636585739.600019.jpg 2 625 94 38 91 814 100 44 87
positive_images/1636585740.48722.jpg 2 574 98 41 83 747 95 43 85
positive_images/1636585741.5874693.jpg 2 502 97 40 77 656 91 22 80
positive_images/1636585742.700737.jpg 2 416 121 26 68 557 118 23 53
positive_images/1636585743.5269089.jpg 2 607 136 27 72 766 129 32 70
positive_images/1636585896.9487453.jpg 1 612 77 43 98
positive_images/1636585897.6318946.jpg 1 618 83 36 94
positive_images/1636585898.1980226.jpg 1 617 82 36 100
positive_images/1636585974.9006326.jpg 0
positive_images/1636585975.8318272.jpg 3 577 190 20 56 655 195 31 54 610 187 16 39
positive_images/1636585976.6840198.jpg 2 714 195 31 62 824 198 59 58
positive_images/1636586005.1381195.jpg 1 723 132 62 105
positive_images/1636586005.4641922.jpg 1 735 126 74 106
positive_images/1636586006.7508545.jpg 1 785 131 62 106
positive_images/1636586007.4820204.jpg 2 695 120 63 115 97 168 128 153
positive_images/1636586009.07138.jpg 1 752 116 67 118
positive_images/1636586009.4394634.jpg 1 759 117 74 123
positive_images/1636586010.605728.jpg 3 767 132 78 121 217 168 143 192 45 71 42 44
positive_images/1636586011.5649443.jpg 3 53 139 143 177 244 89 44 73 783 139 74 127
positive_images/1636587963.0236554.jpg 2 655 162 36 79 840 159 65 91
positive_images/1636587963.5737803.jpg 2 643 156 55 83 770 159 81 101
positive_images/1636587963.9408631.jpg 2 650 154 44 88 724 153 85 125
positive_images/1636587964.5910103.jpg 1 760 154 81 142
positive_images/1636587965.78028.jpg 2 802 140 30 29 839 125 118 209
positive_images/1636587966.1803706.jpg 1 833 135 44 73
positive_images/1636587977.4388819.jpg 1 531 184 89 181
positive_images/1636587996.4641905.jpg 1 245 87 79 85
positive_images/1636587996.9643047.jpg 1 225 85 76 90
positive_images/1636587998.0057497.jpg 1 205 96 86 96
positive_images/1636588003.730204.jpg 1 221 246 173 291
positive_images/1636588056.3388054.jpg 1 636 180 65 105
positive_images/1636588057.3640368.jpg 1 676 194 75 133
positive_images/1636588058.2372346.jpg 1 742 202 76 144
positive_images/1636588059.204456.jpg 1 671 199 75 112
positive_images/1636588060.7868128.jpg 1 702 196 72 114
positive_images/1636588090.9535024.jpg 1 675 112 66 110
positive_images/1636588091.4126067.jpg 1 672 124 54 103
positive_images/1636588092.2037854.jpg 1 645 110 51 112
positive_images/1636588092.9469538.jpg 1 584 119 55 101
positive_images/1636588102.7371724.jpg 1 599 108 77 118
positive_images/1636588103.9794538.jpg 1 638 137 71 102
positive_images/1636588106.5958006.jpg 1 635 104 62 130
positive_images/1636588107.6456282.jpg 1 716 119 75 143
positive_images/1636588130.1200798.jpg 2 525 146 20 39 698 113 14 33
positive_images/1636588130.829241.jpg 2 550 141 18 43 717 114 18 32
positive_images/1636588132.0455163.jpg 2 593 148 24 47 760 120 19 34
positive_images/1636588133.07875.jpg 2 563 163 28 46 747 138 25 39
positive_images/1636588134.078977.jpg 2 588 198 42 48 743 169 23 29
positive_images/1636588148.227325.jpg 2 662 176 31 64 733 198 31 59
positive_images/1636588148.8274605.jpg 2 595 194 51 75 697 217 38 75
positive_images/1636588149.5616317.jpg 2 521 212 49 93 608 219 44 101
positive_images/1636588150.0787444.jpg 2 461 217 67 110 548 213 52 133
positive_images/1636588175.2774537.jpg 1 758 146 104 147
positive_images/1636588176.0776348.jpg 1 720 139 103 151
positive_images/1636588178.844262.jpg 1 564 154 116 200
positive_images/1636588179.4789093.jpg 1 612 159 122 146
positive_images/1636588180.268859.jpg 1 745 136 114 219
positive_images/1636588181.0774145.jpg 1 683 151 82 192
positive_images/1636588208.9512622.jpg 3 590 203 28 46 530 130 14 35 724 108 12 15
positive_images/1636588209.9274833.jpg 2 536 120 14 40 592 201 50 61
positive_images/1636588210.9447157.jpg 2 552 123 16 33 673 197 62 66
positive_images/1636588211.8349156.jpg 2 677 178 76 132 546 114 15 36
positive_images/1636588212.8181384.jpg 2 678 168 70 138 573 101 22 40
positive_images/1636588215.6947923.jpg 1 670 157 80 153
positive_images/1636588216.8110454.jpg 2 648 159 86 150 618 144 18 29
positive_images/1636588235.6943226.jpg 1 685 102 51 134
positive_images/1636588236.2174416.jpg 1 731 106 56 155
positive_images/1636588236.8845925.jpg 1 741 108 62 161
positive_images/1636588238.509961.jpg 1 706 136 63 129
positive_images/1636588239.2771351.jpg 1 608 135 84 136
positive_images/1636588240.6604524.jpg 1 681 140 93 149
positive_images/1636588694.4956083.jpg 2 339 166 119 168 262 227 28 40
positive_images/1636588696.4860594.jpg 2 526 200 68 60 174 215 30 34
positive_images/1636588697.8523695.jpg 2 646 183 54 107 174 212 28 35
positive_images/1636588698.6015391.jpg 2 647 172 58 102 187 214 20 39
positive_images/1636588699.4687352.jpg 1 632 176 62 105
positive_images/1636588701.1211095.jpg 2 512 167 112 110 294 212 39 46
positive_images/1636588702.2193587.jpg 2 291 206 34 45 364 154 114 164
positive_images/1636588705.8931906.jpg 2 287 204 28 25 775 175 57 121
positive_images/1636588729.6866145.jpg 1 644 183 90 163
positive_images/1636588730.2097325.jpg 2 198 99 45 91 778 150 89 163
positive_images/1636588731.1359427.jpg 3 775 157 103 161 352 98 47 71 478 99 33 59
positive_images/1636588740.1689892.jpg 1 588 160 120 234
positive_images/1636588741.0101795.jpg 1 625 169 105 224
positive_images/1636588746.2283618.jpg 1 326 101 59 90
positive_images/1636588747.3856237.jpg 1 338 98 59 101
positive_images/1636588762.5693858.jpg 1 480 144 38 95
positive_images/1636588763.042493.jpg 1 495 146 47 103
positive_images/1636588763.7926645.jpg 1 487 145 50 106
positive_images/1636588784.1346607.jpg 1 343 26 49 98
positive_images/1636588785.5949912.jpg 1 335 24 58 102
positive_images/1636588812.8331375.jpg 1 492 66 37 71
positive_images/1636588813.5002885.jpg 2 510 68 35 67 704 91 61 150
positive_images/1636588814.2424567.jpg 2 725 61 75 192 526 70 30 75
positive_images/1636588814.933614.jpg 2 551 65 39 82 762 111 85 153
positive_images/1636588825.317356.jpg 2 648 86 85 170 355 70 44 54
positive_images/1636589028.547935.jpg 1 512 310 30 57
positive_images/1636589029.7972214.jpg 1 502 218 56 129
positive_images/1636589032.6575549.jpg 1 473 241 80 120
positive_images/1636589033.6906862.jpg 1 473 247 85 120
positive_images/1636589034.8139412.jpg 1 470 253 87 113
positive_images/1636589035.8564188.jpg 1 467 245 85 132
positive_images/1636589041.0739527.jpg 1 467 271 77 80
positive_images/1636589054.7320466.jpg 1 707 223 70 84
positive_images/1636589056.1153605.jpg 1 548 171 178 209
positive_images/1636589062.0717115.jpg 1 677 217 80 118
positive_images/1636589067.2064884.jpg 1 577 223 227 235
positive_images/1636589068.230721.jpg 1 575 221 273 288
positive_images/1636589070.08114.jpg 1 720 322 163 177
positive_images/1636589072.1044943.jpg 1 584 223 184 283
positive_images/1636589161.0038152.jpg 1 528 107 36 78
positive_images/1636589162.3371208.jpg 1 553 111 30 65
positive_images/1636589166.2199967.jpg 2 591 118 14 40 896 151 34 33
positive_images/1636589168.1294296.jpg 2 746 139 27 40 479 121 14 37
positive_images/1636589169.6127656.jpg 2 616 140 24 32 380 124 18 41
positive_images/1636589180.0551312.jpg 3 654 155 44 53 616 130 26 45 337 125 37 82
positive_images/1636589182.5716367.jpg 3 650 153 38 60 613 133 29 40 344 120 39 81
positive_images/1636589184.39405.jpg 3 303 154 42 57 218 134 35 47 663 129 42 100
positive_images/1636589187.6226077.jpg 3 489 145 28 64 673 201 85 91 426 133 41 41
positive_images/1636589190.8613417.jpg 2 689 213 69 86 432 112 24 62
positive_images/1636589202.0708814.jpg 1 271 147 46 97
positive_images/1636589227.019027.jpg 1 569 180 179 264
positive_images/1636589227.5111382.jpg 1 594 151 241 277
positive_images/1636589232.495269.jpg 1 642 143 108 144
positive_images/1636589233.3854692.jpg 2 724 145 104 178 45 88 130 147
positive_images/1636589233.9125884.jpg 2 43 90 137 147 706 165 99 156
positive_images/1636589246.5534523.jpg 1 558 75 71 113
positive_images/1636589247.6937108.jpg 0
positive_images/1636589248.3038495.jpg 1 589 64 132 317
positive_images/1636589250.0602467.jpg 1 828 65 128 314
positive_images/1636589376.7085514.jpg 1 399 115 23 60
positive_images/1636589381.3355947.jpg 1 664 191 57 45
positive_images/1636589383.800153.jpg 2 475 27 50 56 729 120 46 24
positive_images/1636589417.6673908.jpg 2 407 213 99 174 53 191 46 95
positive_images/1636589418.7496367.jpg 2 408 210 86 170 42 188 31 95
positive_images/1636589433.532985.jpg 1 586 78 30 62
positive_images/1636589435.642884.jpg 1 593 144 49 56
positive_images/1636589436.967184.jpg 1 591 172 54 67
positive_images/1636589438.4085107.jpg 1 554 156 62 107
positive_images/1636589444.5571837.jpg 1 553 156 133 283
positive_images/1636589445.6574326.jpg 1 614 142 136 219
positive_images/1636589446.932722.jpg 1 793 118 111 220
positive_images/1636589447.6508844.jpg 1 662 149 134 263
positive_images/1636589449.8403802.jpg 1 633 168 124 262
positive_images/1636589450.7335837.jpg 1 738 142 121 258
positive_images/1636589552.9488928.jpg 2 764 166 105 174 537 102 76 207
positive_images/1636589554.9223402.jpg 2 571 145 81 196 675 140 81 151
positive_images/1636589557.9990368.jpg 2 624 99 66 147 839 122 80 137
positive_images/1636589558.8062208.jpg 2 668 36 46 112 814 114 65 118
positive_images/1636589559.989488.jpg 2 706 28 34 81 738 107 72 143
positive_images/1636589560.9887142.jpg 2 814 115 64 146 860 81 58 63
positive_images/1636589562.1559784.jpg 1 747 113 68 124
positive_images/1636589564.639541.jpg 1 568 97 117 250
positive_images/1636589570.731938.jpg 1 713 122 83 142
positive_images/1636589571.2820618.jpg 1 669 134 113 186
positive_images/1636589572.9154317.jpg 1 571 111 148 295
positive_images/1636589745.8358965.jpg 1 562 88 15 33
positive_images/1636589754.161255.jpg 1 509 200 24 64
positive_images/1636589756.0866911.jpg 1 515 198 30 67
positive_images/1636589791.6696517.jpg 1 141 137 83 116
positive_images/1636589792.2367797.jpg 1 99 147 87 117
positive_images/1636589793.5789814.jpg 1 134 137 110 153
positive_images/1636589938.0415502.jpg 2 315 113 28 47 116 174 38 40
positive_images/1636589941.6173596.jpg 2 635 100 39 68 310 111 18 40
positive_images/1636589942.8676424.jpg 4 644 93 44 75 195 111 28 50 245 99 19 37 310 118 16 27
positive_images/1636589943.9598935.jpg 4 211 121 22 44 251 109 21 34 319 119 19 34 673 104 59 86
positive_images/1636589944.6930568.jpg 5 343 147 26 43 348 111 18 21 321 114 19 26 374 122 22 35 696 113 59 84
positive_images/1636589946.8425438.jpg 1 489 141 51 130
positive_images/1636589955.2494488.jpg 4 134 116 55 116 402 133 39 92 543 145 50 95 469 157 55 60
positive_images/1636589955.6495388.jpg 4 141 112 62 125 455 125 59 108 546 119 55 119 704 138 43 84
positive_images/1636589956.392707.jpg 4 83 123 90 156 460 153 54 143 573 132 62 127 839 142 74 127
positive_images/1636589956.8098009.jpg 4 19 127 109 182 460 152 73 176 625 146 73 132 573 176 52 85
positive_images/1636589971.6659086.jpg 2 168 120 108 104 611 134 84 106
positive_images/1636589972.2489636.jpg 2 138 127 106 112 624 129 79 113
positive_images/1636589974.224496.jpg 1 281 116 109 149
positive_images/1636589980.4908998.jpg 2 626 98 95 106 394 44 70 80
positive_images/1636589981.3831012.jpg 1 650 114 98 127
positive_images/1636589982.1832843.jpg 2 670 148 149 162 381 66 88 79
positive_images/1636589996.0084152.jpg 1 536 138 98 176
positive_images/1636589996.5155299.jpg 1 552 122 108 218
positive_images/1636590031.0418136.jpg 1 450 98 51 82
positive_images/1636590032.3821173.jpg 1 453 75 67 127
positive_images/1636590315.0098205.jpg 2 399 211 79 160 129 278 62 75
positive_images/1636590316.3541253.jpg 2 381 216 127 149 114 273 72 66
positive_images/1636590317.2933378.jpg 2 397 211 99 152 110 277 50 62
positive_images/1636590319.4038157.jpg 1 58 283 84 71
positive_images/1636590321.0541928.jpg 1 403 237 92 98
positive_images/1636590323.8848314.jpg 4 349 172 43 93 118 175 64 59 95 258 275 241 658 172 146 260
positive_images/1636590325.4531863.jpg 3 527 81 42 61 704 119 54 68 161 200 153 156
positive_images/1636590326.7104714.jpg 2 605 84 28 51 851 135 40 76
positive_images/1636590358.45988.jpg 1 597 145 43 90
positive_images/1636590358.9349885.jpg 1 680 150 42 86
positive_images/1636590359.6021395.jpg 1 688 154 40 80
positive_images/1636590360.7193925.jpg 1 823 150 51 93
positive_images/1636590379.9424133.jpg 2 668 150 105 109 455 62 34 48
positive_images/1636590380.6605754.jpg 2 719 154 76 135 464 71 38 53
positive_images/1636590382.0428889.jpg 2 751 170 70 129 488 73 29 49
positive_images/1636590383.0761232.jpg 2 501 71 36 47 709 174 122 172
positive_images/1636590390.4087853.jpg 2 91 136 79 80 150 183 183 236
positive_images/1636590391.4360175.jpg 1 24 135 209 286
positive_images/1636590400.3590393.jpg 1 281 73 78 119
positive_images/1636590402.7435813.jpg 1 640 93 83 117
positive_images/1636590426.3098295.jpg 1 242 128 101 128
positive_images/1636590427.0179896.jpg 1 206 149 101 102
positive_images/1636590429.5505633.jpg 1 291 152 96 151
positive_images/1636590430.3427434.jpg 1 254 141 94 134
positive_images/1636590431.4089844.jpg 1 205 135 124 184
positive_images/1636590442.750886.jpg 1 687 68 27 78
positive_images/1636590443.8249931.jpg 1 640 79 40 83
positive_images/1636590444.642178.jpg 1 640 45 51 128
positive_images/1636590445.243314.jpg 1 631 39 65 162
positive_images/1636590588.9314096.jpg 1 704 327 73 127
positive_images/1636590592.5231946.jpg 2 489 212 92 140 810 129 46 72
positive_images/1636590593.3663855.jpg 2 456 230 114 137 811 126 52 75
positive_images/1636590594.3806157.jpg 2 470 224 94 125 823 156 42 43
positive_images/1636590595.4068508.jpg 2 470 217 94 132 841 153 43 37
positive_images/1636590596.3670657.jpg 2 464 217 98 121 848 141 55 55
positive_images/1636590597.7903879.jpg 1 792 119 42 66
positive_images/1636590599.8238485.jpg 3 473 220 82 107 153 327 98 127 121 279 37 67
positive_images/1636590601.6312625.jpg 2 183 264 39 57 286 277 135 235
positive_images/1636590603.27263.jpg 3 536 194 81 195 352 215 105 286 225 261 30 47
positive_images/1636590604.4398963.jpg 2 221 242 38 63 347 246 96 269
positive_images/1636590606.4233446.jpg 1 310 210 34 77
positive_images/1636590609.4800372.jpg 1 182 267 119 141
positive_images/1636590613.713996.jpg 1 105 295 155 167
positive_images/1636590662.9880557.jpg 1 435 37 18 31
positive_images/1636590675.9711165.jpg 1 536 280 14 29
positive_images/1636590677.196394.jpg 1 506 251 13 32
positive_images/1636590678.5547018.jpg 1 555 145 15 32
positive_images/1636590691.1625986.jpg 2 610 180 36 39 281 128 26 43
positive_images/1636590692.3878765.jpg 3 596 187 64 74 299 111 24 46 315 159 27 51
positive_images/1636590696.5878282.jpg 2 321 26 43 52 735 173 98 73
positive_images/1636590700.2629585.jpg 4 606 173 82 160 327 106 49 109 303 74 26 53 192 29 66 64
positive_images/1636590700.7540703.jpg 3 289 101 89 118 127 18 61 67 600 173 88 164
positive_images/1636590701.231046.jpg 3 580 189 90 148 306 103 103 114 125 20 81 68
positive_images/1636590701.9701383.jpg 4 647 222 156 199 556 94 40 57 358 61 46 63 138 20 64 67
positive_images/1636590736.6371598.jpg 7 692 194 88 135 790 193 34 57 675 123 18 27 538 88 22 25 587 104 21 31 397 73 23 41 479 85 22 25
positive_images/1636590737.8044322.jpg 8 646 196 106 158 579 181 61 136 815 195 37 55 759 166 25 45 725 146 16 29 603 106 22 32 467 95 16 33 404 80 25 39
positive_images/1636590738.370552.jpg 6 598 177 109 197 810 182 39 51 754 155 23 44 641 111 15 25 575 129 24 38 434 80 25 39
positive_images/1636590752.8798392.jpg 2 715 113 52 74 931 11 15 45
positive_images/1636590753.5210488.jpg 2 726 111 48 69 940 8 18 41
positive_images/1636590754.2701545.jpg 3 6 166 301 327 730 102 43 85 915 24 26 36
positive_images/1636590755.3784053.jpg 3 697 92 44 85 865 36 27 43 922 14 22 35
positive_images/1636590765.9708052.jpg 3 665 207 92 124 713 127 29 54 650 25 13 25
positive_images/1636590766.320386.jpg 5 675 209 109 143 403 59 46 46 724 134 31 50 708 96 29 37 648 25 17 26
positive_images/1636590766.8965168.jpg 6 681 211 103 139 721 128 35 61 408 54 39 48 300 118 74 141 649 19 16 35 704 97 29 43
positive_images/1636590771.5377605.jpg 5 748 134 30 65 798 93 23 40 729 102 25 38 472 62 35 50 76 57 131 167
positive_images/1636590772.7130256.jpg 6 553 168 109 153 163 48 85 149 448 53 41 64 708 123 42 65 841 131 34 44 649 26 11 21
positive_images/1636590786.4041271.jpg 3 626 183 88 138 163 59 64 122 308 27 33 73
positive_images/1636590787.3703465.jpg 4 554 185 83 137 86 82 130 141 305 110 85 117 438 26 23 60
positive_images/1636590788.9196975.jpg 3 609 171 94 158 221 121 122 145 488 44 24 50
positive_images/1636590826.7963622.jpg 1 623 93 70 140
positive_images/1636590827.3354847.jpg 1 708 106 73 141
positive_images/1636590828.844841.jpg 2 506 106 94 94 850 133 109 176
positive_images/1636590847.6359649.jpg 4 634 81 52 122 552 65 59 97 781 79 55 130 875 44 47 114
positive_images/1636590848.2441072.jpg 4 579 108 54 119 522 71 51 103 749 90 72 128 858 42 55 100
positive_images/1636590849.2933404.jpg 4 574 123 83 61 708 165 86 98 735 119 78 59 860 73 69 87
positive_images/1636590879.6859386.jpg 6 741 126 52 126 588 104 54 70 173 189 112 130 23 147 77 134 227 138 53 48 263 74 51 65
positive_images/1636590890.0684588.jpg 3 322 98 50 90 526 145 123 141 779 123 52 126
positive_images/1636590890.4015343.jpg 3 325 100 60 93 530 139 121 152 775 122 56 135
positive_images/1636590890.7936227.jpg 3 334 102 46 78 591 144 73 118 769 128 66 107
positive_images/1636590891.4347682.jpg 3 673 146 76 112 781 122 54 116 339 98 54 83
positive_images/1636590894.3514295.jpg 3 186 122 70 89 540 155 74 126 656 116 47 97
positive_images/1636590894.9515648.jpg 3 545 148 102 122 665 114 37 115 178 117 83 101
positive_images/1636590895.8787751.jpg 3 714 158 66 123 676 107 39 98 187 120 76 102
positive_images/1636590896.6019406.jpg 2 677 161 66 119 249 112 58 94
positive_images/1636590937.260497.jpg 2 456 61 29 55 875 95 45 102
positive_images/1636590937.784618.jpg 2 473 55 37 66 883 99 29 90
positive_images/1636590940.5692477.jpg 2 338 72 49 79 128 160 89 100
positive_images/1636590941.4694512.jpg 2 313 73 37 78 140 190 119 139
positive_images/1636590942.2676315.jpg 2 197 190 133 152 282 75 49 86
positive_images/1636591264.3460727.jpg 3 606 127 71 185 530 65 28 51 283 96 45 62
positive_images/1636591264.747163.jpg 3 618 144 82 153 524 60 34 63 276 87 52 70
positive_images/1636591267.246731.jpg 3 591 150 78 114 378 61 48 63 101 103 59 63
positive_images/1636591271.694737.jpg 0
positive_images/1636591273.0050342.jpg 3 378 122 31 60 563 90 22 57 715 165 50 93
positive_images/1636591274.4293575.jpg 3 387 157 30 44 577 106 25 63 751 196 105 95
positive_images/1636591283.1545637.jpg 3 428 85 42 64 111 153 74 92 5 286 114 189
positive_images/1636591289.3782973.jpg 1 142 125 57 80
positive_images/1636591291.812119.jpg 2 78 129 57 78 326 99 65 263
positive_images/1636591292.939317.jpg 2 311 147 80 157 69 129 64 102
positive_images/1636591371.6162412.jpg 1 634 147 20 50
positive_images/1636591373.5706713.jpg 1 837 200 29 49
positive_images/1636591383.4349058.jpg 1 397 106 20 46
positive_images/1636591392.1357906.jpg 1 622 86 27 58
positive_images/1636591392.9531527.jpg 2 623 90 26 45 693 92 17 33
positive_images/1636591396.146965.jpg 2 619 81 24 45 689 94 21 31
positive_images/1636591413.010747.jpg 1 396 144 19 46
positive_images/1636591415.1682398.jpg 1 428 152 17 48
positive_images/1636591440.2516694.jpg 1 374 229 126 156
positive_images/1636591441.6599884.jpg 1 369 208 137 182
positive_images/1636591442.6942356.jpg 1 369 214 141 180
positive_images/1636591443.553417.jpg 1 359 218 145 172
positive_images/1636591449.1026742.jpg 2 435 228 68 118 724 243 123 235
positive_images/1636591463.093161.jpg 1 607 113 38 72
positive_images/1636591464.6183395.jpg 1 587 141 45 84
positive_images/1636591484.8087087.jpg 1 590 85 53 93
positive_images/1636591485.5758824.jpg 2 597 91 49 88 5 164 89 164
positive_images/1636591486.7011373.jpg 3 93 186 91 120 10 164 61 96 605 106 41 77
positive_images/1636591491.2751737.jpg 4 43 126 85 123 148 117 46 81 314 145 64 133 768 15 42 98
positive_images/1636591491.959355.jpg 4 295 148 83 112 195 118 25 32 27 127 82 124 783 12 54 103
positive_images/1636591493.1004288.jpg 3 37 214 158 155 304 144 59 109 797 10 37 104
positive_images/1636591494.4172437.jpg 2 192 189 175 199 773 8 50 105
positive_images/1636591522.0659726.jpg 1 244 176 89 134
positive_images/1636591577.1164074.jpg 1 342 114 66 110
positive_images/1636591577.6485279.jpg 1 280 126 84 110
positive_images/1636591578.2406623.jpg 1 229 135 126 141
positive_images/1636591582.1585562.jpg 1 136 128 124 159
positive_images/1636591582.7656872.jpg 2 176 129 140 185 406 29 58 75
positive_images/1636591583.3408184.jpg 2 188 155 158 156 284 38 63 92
positive_images/1636591588.6840281.jpg 2 141 156 112 214 200 92 40 61
positive_images/1636591589.8322937.jpg 2 178 214 139 186 207 91 37 77
positive_images/1636591591.4866652.jpg 1 225 112 38 67
positive_images/1636591593.0410163.jpg 1 311 160 43 62
positive_images/1636591594.6823926.jpg 1 194 148 117 196
positive_images/1636591701.2730002.jpg 1 485 226 81 117
positive_images/1636591702.664313.jpg 1 485 234 72 117
positive_images/1636591706.7802455.jpg 2 514 188 59 156 765 323 87 154
positive_images/1636591710.4225178.jpg 5 381 205 17 36 341 209 17 34 325 211 15 39 67 217 19 24 370 317 208 224
positive_images/1636591723.0227554.jpg 2 333 125 87 113 4 181 88 89
positive_images/1636591723.7229142.jpg 3 47 175 66 83 333 124 49 113 546 121 56 115
positive_images/1636591727.7298214.jpg 1 90 175 61 68
positive_images/1636591737.1229513.jpg 1 264 99 80 138
positive_images/1636591738.5982838.jpg 1 283 76 110 134
positive_images/1636591738.9223576.jpg 1 320 91 78 119
positive_images/1636591815.8946862.jpg 1 380 197 85 152
positive_images/1636591818.1632006.jpg 2 401 210 102 152 605 104 39 81
positive_images/1636591822.2136564.jpg 3 425 187 65 107 519 198 29 48 560 187 24 59
positive_images/1636591822.9298182.jpg 0
positive_images/1636591826.9457276.jpg 3 237 85 28 48 265 92 24 45 651 269 132 211
positive_images/1636591836.7869573.jpg 1 180 134 144 212
positive_images/1636591837.4131.jpg 1 208 173 129 174
positive_images/1636591881.6027565.jpg 1 599 170 23 42
positive_images/1636591890.6148.jpg 1 498 111 24 76
positive_images/1636591931.5191157.jpg 1 594 163 28 54
positive_images/1636591972.2784889.jpg 1 88 153 142 142
positive_images/1636591986.7096477.jpg 1 674 126 68 114
positive_images/1636591987.1127284.jpg 1 688 131 87 121
positive_images/1636591987.8268907.jpg 1 759 132 79 128
positive_images/1636591988.7751045.jpg 1 764 131 83 149
positive_images/1636591992.434937.jpg 1 664 148 95 149
positive_images/1636592292.9131105.jpg 1 640 121 17 46
positive_images/1636592317.0546649.jpg 1 806 190 62 142
positive_images/1636592346.2294898.jpg 1 662 178 92 202
positive_images/1636592346.9296482.jpg 1 576 180 91 166
positive_images/1636592410.4121232.jpg 1 483 134 57 99
positive_images/1636592411.2282937.jpg 1 434 126 85 144
positive_images/1636592411.802422.jpg 1 428 129 101 165
positive_images/1636592743.9564295.jpg 1 493 231 80 126
positive_images/1636592744.8166244.jpg 1 476 239 95 143
positive_images/1636592746.0158958.jpg 1 494 218 81 157
positive_images/1636592749.6802442.jpg 2 449 252 97 133 26 150 63 88
positive_images/1636592754.138665.jpg 1 725 130 23 49
positive_images/1636592776.8489249.jpg 1 659 147 99 137
positive_images/1636592777.2320116.jpg 1 687 120 100 180
positive_images/1636592778.0161889.jpg 1 743 137 119 164
positive_images/1636592778.7813623.jpg 1 733 124 119 194
positive_images/1636592890.246513.jpg 4 715 107 126 166 882 68 62 138 376 80 39 73 416 96 23 48
positive_images/1636592892.4540157.jpg 1 566 107 202 273
positive_images/1636592893.0121412.jpg 2 634 130 132 208 890 109 57 84
positive_images/1636592900.8871312.jpg 2 701 171 209 258 328 73 31 55
positive_images/1636592917.4368021.jpg 2 282 120 43 85 367 151 28 36
positive_images/1636592919.0031543.jpg 2 165 145 65 81 274 148 51 60
positive_images/1636592930.8198311.jpg 2 564 157 72 191 48 158 211 188
positive_images/1636592931.586005.jpg 2 121 130 152 181 541 153 64 143
positive_images/1636592933.59446.jpg 1 263 125 86 96
positive_images/1636592935.8192594.jpg 1 252 127 88 103
positive_images/1636592937.294594.jpg 1 250 124 134 170
positive_images/1636592939.6941373.jpg 1 234 112 116 142
positive_images/1636592941.3705256.jpg 1 165 92 120 153
positive_images/1636593282.931207.jpg 1 793 138 74 171
positive_images/1636593283.7646272.jpg 1 632 132 65 150
positive_images/1636593285.3059752.jpg 1 456 159 56 91
positive_images/1636593286.2151823.jpg 1 460 134 54 86
positive_images/1636593296.9806206.jpg 1 406 159 39 65
positive_images/1636593297.9378376.jpg 1 464 160 38 66
positive_images/1636593299.8252656.jpg 1 501 189 49 101
positive_images/1636593315.2375522.jpg 1 784 129 57 99
positive_images/1636593315.7376652.jpg 2 267 102 21 50 849 102 88 112
positive_images/1636593325.4134226.jpg 1 556 88 88 149
positive_images/1636593325.9565458.jpg 1 559 87 77 130
positive_images/1636593327.2068298.jpg 1 572 144 61 78
positive_images/1636593349.813974.jpg 3 600 140 69 170 204 63 52 76 149 59 50 75
positive_images/1636593350.2460725.jpg 3 265 78 58 83 170 64 40 61 636 138 103 113
positive_images/1636593350.9892404.jpg 3 744 127 81 114 376 103 69 92 305 67 54 86
positive_images/1636593351.588397.jpg 3 408 105 45 81 388 74 27 62 728 130 83 126
positive_images/1636593353.437796.jpg 3 647 137 78 197 318 100 87 118 50 44 37 49
positive_images/1636593354.3379986.jpg 3 322 94 60 120 655 151 79 160 34 44 40 58
positive_images/1636593355.1801898.jpg 4 114 61 25 43 497 84 33 61 314 121 68 97 727 164 109 155
positive_images/1636593356.2794392.jpg 4 696 160 115 187 418 113 42 87 656 88 35 76 231 74 26 40
positive_images/1636593356.6795294.jpg 4 573 130 199 276 697 87 44 68 388 107 59 113 253 75 24 46
positive_images/1636593609.819222.jpg 2 427 181 184 135 745 175 25 63
positive_images/1636593611.2255278.jpg 2 470 190 94 82 761 169 26 54
positive_images/1636593612.4017942.jpg 2 478 197 95 76 770 161 33 54
positive_images/1636593613.475037.jpg 0
positive_images/1636593627.5022151.jpg 2 91 109 104 146 278 126 42 100
positive_images/1636593627.768276.jpg 2 152 107 95 180 278 130 56 92
positive_images/1636593633.1264896.jpg 2 652 160 61 89 850 167 37 44
positive_images/1636593641.0922945.jpg 1 558 134 132 243
positive_images/1636593646.9499276.jpg 1 189 183 127 177
positive_images/1636593647.3668625.jpg 1 219 190 114 168
positive_images/1636593655.5081017.jpg 1 338 139 49 99
positive_images/1636593659.5850341.jpg 1 248 167 72 112
positive_images/1636593660.118146.jpg 1 207 172 81 106
positive_images/1636593663.158835.jpg 1 210 209 159 190
positive_images/1636593732.400795.jpg 1 579 82 7 27
positive_images/1636593734.3332317.jpg 1 520 62 13 33
positive_images/1636593743.8013773.jpg 1 291 78 18 32
positive_images/1636593750.356862.jpg 2 725 19 18 44 301 191 14 22
positive_images/1636593766.539566.jpg 1 684 79 16 40
positive_images/1636593798.847349.jpg 1 471 50 10 34
positive_images/1636593801.680619.jpg 1 470 50 12 33
positive_images/1636593812.5818627.jpg 1 722 57 16 36
positive_images/1636593823.2892888.jpg 1 454 154 135 337
positive_images/1636593838.1234272.jpg 1 612 184 14 45
positive_images/1636593841.9156969.jpg 1 420 34 18 37
positive_images/1636593850.1652393.jpg 1 44 123 59 83
positive_images/1636593851.615568.jpg 1 207 119 38 82
positive_images/1636593880.9880927.jpg 1 455 191 19 57
positive_images/1636593897.0313902.jpg 1 524 193 19 50
positive_images/1636593898.3306842.jpg 1 527 188 22 58
positive_images/1636593928.7373054.jpg 3 740 219 140 274 631 167 111 237 667 95 36 79
positive_images/1636593932.1870868.jpg 3 636 89 24 50 309 135 72 127 356 264 89 242
positive_images/1636593935.3868124.jpg 2 677 189 131 259 576 70 39 91
positive_images/1636593936.697109.jpg 2 541 75 54 95 654 212 194 249
positive_images/1636593938.462509.jpg 2 543 232 113 179 155 173 108 201
positive_images/1636593939.003631.jpg 3 528 82 39 45 127 179 131 191 542 215 100 194
positive_images/1636593940.1788974.jpg 1 636 296 221 241
positive_images/1636593953.3028708.jpg 4 441 46 48 78 646 102 86 133 726 25 34 90 790 24 19 54
positive_images/1636593954.1210566.jpg 4 498 47 44 51 615 118 96 168 793 30 18 86 824 46 34 62
positive_images/1636593969.102811.jpg 1 580 107 65 114
positive_images/1636593969.7689621.jpg 1 560 116 71 122
positive_images/1636593970.5871475.jpg 1 563 150 85 143
positive_images/1636594158.4168925.jpg 1 711 221 83 99
positive_images/1636594160.7254171.jpg 1 505 160 88 222
positive_images/1636594162.1107287.jpg 1 425 166 210 232
positive_images/1636594163.257989.jpg 1 412 191 207 210
positive_images/1636594164.3082268.jpg 1 396 200 218 194
positive_images/1636594165.2604454.jpg 1 405 193 205 204
positive_images/1636594166.4417102.jpg 1 393 186 241 233
positive_images/1636594170.1845586.jpg 4 492 240 92 124 31 191 167 238 443 238 41 60 585 251 22 48
positive_images/1636594173.119132.jpg 2 200 166 36 51 47 167 46 60
positive_images/1636594174.100353.jpg 4 552 156 141 367 710 196 81 279 162 173 34 47 5 174 33 42
positive_images/1636594175.8507502.jpg 2 274 148 33 46 349 153 33 48
positive_images/1636594178.891439.jpg 2 256 156 59 66 204 129 49 80
positive_images/1636594180.141727.jpg 2 158 116 93 140 109 132 53 101
positive_images/1636594183.966843.jpg 1 129 137 80 160
positive_images/1636594185.643016.jpg 0
positive_images/1636594187.2252526.jpg 2 114 202 134 198 93 112 62 100
positive_images/1636594192.2744098.jpg 1 132 106 98 141
positive_images/1636594192.9595647.jpg 1 140 101 112 167
positive_images/1636594194.024807.jpg 1 229 106 78 155
positive_images/1636594453.5391936.jpg 5 483 223 76 138 494 117 50 64 407 118 27 60 317 138 28 56 857 144 56 145
positive_images/1636594454.4213924.jpg 5 474 218 98 149 505 111 31 71 409 111 19 62 309 135 44 59 860 140 65 137
positive_images/1636594455.506722.jpg 5 417 206 114 171 498 103 36 80 401 111 32 65 303 128 33 46 872 140 61 159
positive_images/1636594457.3791924.jpg 1 835 134 53 140
positive_images/1636594460.2461088.jpg 2 242 211 132 250 185 153 43 75
positive_images/1636594461.7124388.jpg 0
positive_images/1636594470.4124095.jpg 2 181 107 38 62 485 77 36 66
positive_images/1636594471.1365738.jpg 2 461 92 43 56 163 107 38 61
positive_images/1636594474.7453911.jpg 3 725 153 115 139 874 124 16 48 546 149 32 72
positive_images/1636594475.2885146.jpg 3 576 158 49 78 730 166 84 113 885 119 27 69
positive_images/1636594477.755073.jpg 2 184 208 118 151 832 128 41 76
positive_images/1636594478.928339.jpg 1 168 222 90 146
positive_images/1636594482.095057.jpg 1 130 176 174 215
positive_images/1636594488.6215837.jpg 1 614 41 63 118
positive_images/1636594503.8049796.jpg 4 549 130 52 111 451 128 18 40 721 107 29 56 765 55 12 39
positive_images/1636594505.0962777.jpg 2 626 116 90 128 808 54 21 43
positive_images/1636594507.078721.jpg 3 748 24 56 82 255 143 72 117 156 156 29 50
positive_images/1636594508.0369377.jpg 6 74 146 120 126 263 156 36 69 315 137 36 57 398 146 37 51 433 83 16 39 611 27 39 78
positive_images/1636594508.9201422.jpg 5 166 163 113 157 305 136 26 62 422 138 34 46 447 82 15 34 588 36 25 63
positive_images/1636594518.8783944.jpg 1 605 106 66 134
positive_images/1636594521.9030795.jpg 1 282 110 68 113
positive_images/1636594523.469818.jpg 1 176 95 87 169
positive_images/1636594529.9030735.jpg 3 207 264 48 41 319 167 30 55 282 155 21 29
positive_images/1636594531.5284405.jpg 4 333 164 24 64 228 266 46 63 154 219 41 60 277 151 31 41
positive_images/1636594532.35444.jpg 4 302 153 34 72 110 233 58 70 261 152 19 38 236 224 102 53
positive_images/1636594541.4184937.jpg 1 129 223 83 127
positive_images/1636595264.5571194.jpg 1 346 128 35 95
positive_images/1636595265.533341.jpg 1 432 133 42 112
positive_images/1636595266.3425245.jpg 1 515 152 56 128
positive_images/1636595276.3501902.jpg 1 539 138 14 60
positive_images/1636595277.7995188.jpg 1 537 160 23 80
positive_images/1636595280.9912417.jpg 1 472 119 67 204
positive_images/1636595315.1981282.jpg 1 479 276 164 199
positive_images/1636595381.4248164.jpg 1 550 136 139 273
positive_images/1636595382.3750434.jpg 1 612 158 98 151
positive_images/1636595386.7902129.jpg 2 685 182 128 232 828 109 53 117
positive_images/1636595388.8146715.jpg 2 573 144 152 246 834 121 48 94
